1 -24.396 -5.918 0.523
2 -23.539 -5.414 1.624
3 -22.737 -4.201 1.154
4 -22.463 -3.302 1.922
5 -22.561 -6.511 2.061
6 -21.802 -5.943 3.11
7 -21.538 -6.804 0.956
8 -23.806 -6.129 -0.307
9 -24.884 -6.783 0.832
10 -25.1 -5.193 0.272
11 -24.176 -5.111 2.453
12 -23.081 -7.403 2.4
13 -22.028 -6.402 3.922
14 -21.988 -6.633 -0.01
15 -20.683 -6.155 1.07
16 -21.215 -7.832 1.021
17 -22.375 -4.201 -0.102
18 -21.593 -3.056 -0.636
19 -20.46 -2.685 0.313
20 -19.393 -3.267 0.268
21 -22.533 -1.849 -0.774
22 -22.617 -4.949 -0.686
23 -21.172 -3.333 -1.601
24 -23.222 -1.826 0.058
25 -21.957 -0.936 -0.784
26 -23.092 -1.926 -1.695
27 -20.711 -1.721 1.157
28 -19.661 -1.303 2.116
29 -18.379 -0.898 1.379
30 -17.33 -1.476 1.585
31 -19.365 -2.502 3.039
32 -18.919 -1.991 4.41
33 -19.689 -1.237 4.983
34 -17.836 -2.386 4.809
35 -21.585 -1.277 1.155
36 -20.024 -0.454 2.689
37 -20.259 -3.097 3.158
38 -18.587 -3.115 2.614
39 -18.494 0.104 0.54
40 -17.304 0.573 -0.23
41 -16.919 1.994 0.171
42 -17.767 2.848 0.331
43 -17.672 0.566 -1.722
44 -16.458 0.989 -2.552
45 -16.567 1.281 -3.726
46 -15.285 1.035 -1.982
47 -19.361 0.546 0.42
48 -16.463 -0.088 -0.037
49 -17.977 -0.427 -2.017
50 -18.483 1.256 -1.901
51 -15.189 0.801 -1.035
52 -14.498 1.304 -2.501
53 -15.641 2.22 0.325
54 -15.185 3.578 0.713
55 -13.679 3.712 0.555
56 -12.989 4.096 1.48
57 -15.556 3.814 2.185
58 -15.279 5.279 2.549
59 -16.605 6.008 2.786
60 -16.346 7.514 2.81
61 -15.175 7.824 3.676
62 -14.991 1.502 0.185
63 -15.667 4.306 0.068
64 -16.602 3.59 2.337
65 -14.963 3.167 2.815
66 -14.677 5.32 3.447
67 -14.743 5.759 1.744
68 -17.301 5.775 1.994
69 -17.027 5.697 3.733
70 -16.146 7.863 1.808
71 -17.216 8.027 3.195
72 -14.417 7.137 3.492
73 -14.832 8.782 3.467
74 -15.458 7.767 4.675
75 -13.203 3.394 -0.618
76 -11.736 3.49 -0.88
77 -11.441 4.623 -1.852
78 -11.628 4.492 -3.044
79 -11.251 2.164 -1.499
80 -10.641 1.266 -0.408
81 -11.168 1.239 0.878
82 -9.525 0.499 -0.685
83 -10.579 0.469 1.858
84 -8.942 -0.271 0.299
85 -9.468 -0.284 1.567
86 -13.812 3.102 -1.327
87 -11.216 3.695 0.053
88 -12.071 1.657 -1.974
89 -10.497 2.369 -2.236
90 -12.045 1.809 1.112
91 -9.105 0.504 -1.68
92 -10.99 0.46 2.855
93 -8.074 -0.871 0.069
94 -8.989 -0.86 2.342
95 -10.988 5.715 -1.315
96 -10.667 6.884 -2.168
97 -9.63 7.752 -1.484
98 -8.749 8.297 -2.116
99 -11.943 7.71 -2.359
100 -12.95 7.348 -1.268
101 -13.159 8.09 -0.328
102 -13.599 6.218 -1.353
103 -10.857 5.767 -0.346
104 -10.276 6.538 -3.121
105 -11.705 8.758 -2.282
106 -12.373 7.508 -3.329
107 -13.437 5.616 -2.109
108 -14.249 5.972 -0.662
109 -9.773 7.867 -0.195
110 -8.819 8.687 0.591
111 -7.39 8.5 0.084
112 -6.563 9.372 0.24
113 -8.938 8.244 2.081
114 -7.608 7.653 2.61
115 -7.803 7.198 4.07
116 -7.557 8.386 5.011
117 -8.422 8.281 6.221
118 -10.522 7.426 0.251
119 -9.092 9.737 0.484
120 -9.214 9.098 2.681
121 -9.715 7.501 2.165
122 -7.317 6.803 2.01
123 -6.829 8.402 2.571
124 -8.807 6.828 4.208
125 -7.104 6.406 4.302
126 -6.523 8.395 5.317
127 -7.78 9.309 4.499
128 -8.271 7.359 6.678
129 -8.179 9.041 6.888
130 -9.421 8.371 5.942
131 -7.128 7.358 -0.512
132 -5.75 7.093 -1.042
133 -5.55 5.601 -1.32
134 -4.751 5.231 -2.143
135 -4.702 7.513 0.027
136 -4.056 8.875 -0.32
137 -2.65 8.635 -0.871
138 -1.886 8.017 -0.149
139 -2.421 9.08 -1.983
140 -7.831 6.682 -0.611
141 -5.614 7.636 -1.972
142 -5.175 7.577 0.995
143 -3.927 6.76 0.072
144 -4.641 9.405 -1.056
145 -3.984 9.48 0.574
146 -6.287 4.784 -0.63
147 -6.15 3.311 -0.83
148 -6.128 2.904 -2.305
149 -5.355 2.053 -2.695
150 -7.347 2.628 -0.161
151 -7.553 3.244 1.219
152 -8.544 4.408 1.127
153 -8.942 4.823 0.055
154 -8.96 4.971 2.228
155 -6.93 5.134 0.022
156 -5.222 2.983 -0.369
157 -8.232 2.768 -0.762
158 -7.149 1.574 -0.061
159 -7.938 2.5 1.901
160 -6.613 3.61 1.586
161 -8.637 4.649 3.095
162 -9.598 5.713 2.189
163 -6.961 3.507 -3.096
164 -6.983 3.138 -4.533
165 -5.638 3.432 -5.198
166 -4.866 2.524 -5.505
167 -8.082 3.963 -5.234
168 -9.414 3.792 -4.5
169 -9.971 2.395 -4.78
170 -9.443 1.401 -4.323
171 -11.032 2.277 -5.529
172 -7.556 4.207 -2.756
173 -7.189 2.072 -4.617
174 -7.808 5.003 -5.234
175 -8.193 3.625 -6.251
176 -9.27 3.916 -3.44
177 -10.119 4.53 -4.852
178 -11.46 3.077 -5.9
179 -11.401 1.39 -5.718
180 -5.378 4.692 -5.405
181 -4.096 5.075 -6.047
182 -2.917 4.523 -5.257
183 -1.958 4.034 -5.824
184 -4.004 6.612 -6.079
185 -4.33 7.174 -4.691
186 -5.38 7.744 -4.47
187 -3.458 7.038 -3.73
188 -6.023 5.38 -5.135
189 -4.071 4.664 -7.056
190 -3.006 6.913 -6.361
191 -4.709 7.005 -6.797
192 -2.609 6.58 -3.9
193 -3.652 7.397 -2.839
194 -3.011 4.609 -3.959
195 -1.909 4.093 -3.114
196 -1.63 2.646 -3.451
197 -0.536 2.302 -3.838
198 -2.334 4.169 -1.646
199 -3.799 5.006 -3.552
200 -1.011 4.682 -3.294
201 -3.227 3.582 -1.493
202 -1.545 3.777 -1.025
203 -2.527 5.195 -1.374
204 -2.64 1.823 -3.29
205 -2.476 0.381 -3.593
206 -1.646 0.186 -4.847
207 -0.504 -0.215 -4.783
208 -3.873 -0.212 -3.835
209 -3.745 -1.584 -4.513
210 -2.951 -2.58 -3.961
211 -4.435 -1.851 -5.682
212 -2.855 -3.815 -4.574
213 -4.334 -3.084 -6.291
214 -3.545 -4.064 -5.736
215 -3.505 2.163 -2.973
216 -1.985 -0.122 -2.755
217 -4.388 -0.325 -2.895
218 -4.441 0.448 -4.473
219 -2.401 -2.39 -3.051
220 -5.058 -1.09 -6.119
221 -2.243 -4.59 -4.134
222 -4.875 -3.28 -7.205
223 -3.467 -5.031 -6.213
224 -2.21 0.517 -5.966
225 -1.446 0.335 -7.222
226 -0.012 0.864 -7.097
227 0.857 0.485 -7.854
228 -2.149 1.106 -8.347
229 -3.544 0.521 -8.589
230 -3.694 -0.753 -9.1
231 -4.672 1.271 -8.322
232 -4.952 -1.266 -9.339
233 -5.928 0.758 -8.56
234 -6.079 -0.514 -9.072
235 -7.339 -1.028 -9.313
236 -3.123 0.9 -5.979
237 -1.408 -0.731 -7.441
238 -2.24 2.146 -8.071
239 -1.57 1.031 -9.256
240 -2.821 -1.352 -9.313
241 -4.57 2.268 -7.921
242 -5.056 -2.263 -9.741
243 -6.802 1.357 -8.348
244 -7.281 -1.985 -9.28
245 0.205 1.726 -6.147
246 1.576 2.289 -5.964
247 2.466 1.361 -5.124
248 3.437 0.824 -5.62
249 1.445 3.643 -5.247
250 2.309 4.678 -5.969
251 3.773 4.231 -5.932
252 4.402 4.52 -4.927
253 4.177 3.623 -6.91
254 -0.527 2.008 -5.566
255 2.033 2.417 -6.945
256 0.413 3.96 -5.259
257 1.773 3.546 -4.223
258 1.99 4.77 -6.996
259 2.216 5.637 -5.48
260 2.121 1.198 -3.868
261 2.937 0.312 -2.977
262 3.397 -0.946 -3.715
263 4.408 -1.532 -3.382
264 2.056 -0.151 -1.798
265 0.766 0.645 -1.766
266 2.798 0.075 -0.464
267 -0.073 0.192 -0.573
268 1.331 1.657 -3.513
269 3.803 0.865 -2.625
270 1.814 -1.207 -1.932
271 0.988 1.7 -1.68
272 0.223 0.471 -2.667
273 3.844 -0.173 -0.572
274 2.702 1.104 -0.167
275 2.366 -0.551 0.3
276 -0.074 -0.886 -0.516
277 0.338 0.592 0.33
278 -1.087 0.542 -0.687
279 2.642 -1.33 -4.705
280 3.001 -2.554 -5.476
281 4.083 -2.277 -6.505
282 4.108 -2.876 -7.564
283 1.735 -3.034 -6.2
284 0.879 -3.889 -5.248
285 1.611 -5.223 -4.921
286 0.595 -3.084 -3.961
287 1.831 -0.817 -4.94
288 3.362 -3.305 -4.789
289 1.169 -2.174 -6.519
290 2.001 -3.615 -7.067
291 -0.06 -4.115 -5.732
292 2.246 -5.503 -5.749
293 2.216 -5.125 -4.037
294 0.886 -6.001 -4.76
295 0.56 -2.054 -4.189
296 -0.354 -3.367 -3.562
297 1.364 -3.248 -3.224
298 4.958 -1.382 -6.184
299 6.042 -1.069 -7.149
300 7.362 -0.717 -6.457
301 8.407 -0.864 -7.05
302 5.574 0.108 -8.012
303 4.561 -0.411 -9.014
304 4.704 -1.446 -9.691
305 3.32 0.083 -9.354
306 3.693 -1.663 -10.415
307 2.753 -0.736 -10.268
308 4.885 -0.904 -5.334
309 6.214 -1.945 -7.772
310 5.105 0.846 -7.4
311 6.41 0.545 -8.533
312 5.5 -2.019 -9.665
313 2.87 0.971 -8.947
314 3.6 -2.505 -11.056
315 7.292 -0.307 -5.204
316 8.542 0.06 -4.457
317 9.718 -0.899 -4.835
318 9.922 -1.931 -4.191
319 8.226 -0.095 -2.97
320 7.141 0.912 -2.58
321 6.533 0.481 -1.248
322 7.748 2.32 -2.425
323 6.423 -0.242 -4.761
324 8.791 1.081 -4.682
325 7.867 -1.101 -2.777
326 9.107 0.088 -2.396
327 6.373 0.932 -3.339
328 7.313 0.388 -0.504
329 5.818 1.214 -0.921
330 6.039 -0.472 -1.364
331 8.772 2.324 -2.757
332 7.185 3.025 -3.017
333 7.712 2.62 -1.388
334 10.542 -0.485 -5.822
335 11.663 -1.319 -6.298
336 12.804 -1.508 -5.3
337 13.75 -2.208 -5.608
338 12.217 -0.555 -7.518
339 11.562 0.857 -7.529
340 10.487 0.871 -6.445
341 11.287 -2.286 -6.603
342 13.291 -0.461 -7.437
343 11.97 -1.083 -8.427
344 12.305 1.613 -7.313
345 11.116 1.055 -8.49
346 10.725 1.625 -5.71
347 9.521 1.064 -6.876
348 12.72 -0.918 -4.14
349 13.843 -1.1 -3.184
350 13.633 -2.227 -2.16
351 14.605 -2.697 -1.604
352 14.06 0.213 -2.451
353 14.964 1.108 -3.307
354 15.953 0.664 -3.858
355 14.661 2.37 -3.443
356 11.951 -0.35 -3.911
357 14.735 -1.341 -3.754
358 13.114 0.71 -2.291
359 14.539 0.025 -1.502
360 13.863 2.733 -3.002
361 15.231 2.956 -3.983
362 12.394 -2.659 -1.914
363 12.22 -3.773 -0.899
364 11.641 -5.023 -1.523
365 11.184 -5.016 -2.65
366 11.244 -3.382 0.244
367 11.181 -1.872 0.54
368 12.541 -1.19 0.431
369 10.193 -1.2 -0.413
370 11.612 -2.278 -2.391
371 13.19 -4.034 -0.486
372 10.257 -3.722 -0.019
373 11.545 -3.895 1.144
374 10.833 -1.753 1.53
375 13.33 -1.914 0.414
376 12.572 -0.599 -0.461
377 12.682 -0.541 1.285
378 9.222 -1.67 -0.331
379 10.1 -0.153 -0.167
380 10.544 -1.294 -1.416
381 11.672 -6.087 -0.759
382 11.123 -7.357 -1.26
383 9.621 -7.369 -1.056
384 9.093 -6.665 -0.2
385 11.733 -8.518 -0.478
386 11.749 -8.17 1.009
387 10.752 -8.278 1.694
388 12.858 -7.75 1.547
389 12.062 -6.038 0.14
390 11.34 -7.442 -2.32
391 11.137 -9.407 -0.633
392 12.742 -8.699 -0.815
393 13.666 -7.664 1.0
394 12.882 -7.515 2.494
395 8.955 -8.182 -1.8
396 7.496 -8.222 -1.648
397 7.048 -9.099 -0.493
398 5.937 -8.999 -0.061
399 6.88 -8.695 -2.955
400 6.551 -7.445 -3.774
401 6.328 -7.835 -5.239
402 7.308 -8.23 -5.847
403 5.191 -7.714 -5.665
404 9.414 -8.77 -2.438
405 7.163 -7.214 -1.437
406 7.584 -9.314 -3.492
407 5.979 -9.256 -2.758
408 5.658 -6.976 -3.38
409 7.376 -6.741 -3.71
410 7.897 -9.943 0.004
411 7.436 -10.775 1.14
412 6.871 -9.843 2.213
413 5.701 -9.899 2.556
414 8.64 -11.545 1.715
415 8.159 -12.501 2.816
416 8.365 -11.846 4.183
417 9.519 -11.598 4.498
418 7.357 -11.631 4.837
419 8.804 -10.03 -0.358
420 6.65 -11.451 0.795
421 9.121 -12.109 0.929
422 9.351 -10.845 2.132
423 7.111 -12.72 2.682
424 8.723 -13.422 2.772
425 7.718 -8.973 2.689
426 7.289 -8.009 3.731
427 6.254 -7.036 3.162
428 5.17 -6.847 3.731
429 8.541 -7.212 4.159
430 8.206 -6.253 5.313
431 8.5 -6.945 6.642
432 8.319 -8.137 6.786
433 8.956 -6.237 7.639
434 8.639 -8.956 2.358
435 6.858 -8.55 4.57
436 9.31 -7.899 4.479
437 8.908 -6.645 3.319
438 8.816 -5.364 5.232
439 7.167 -5.973 5.281
440 9.105 -5.274 7.529
441 9.152 -6.668 8.497
442 6.585 -6.432 2.05
443 5.626 -5.483 1.468
444 4.319 -6.18 1.167
445 3.287 -5.761 1.648
446 6.26 -4.845 0.203
447 5.282 -4.832 -0.984
448 5.844 -3.908 -2.065
449 5.181 -4.213 -3.362
450 5.855 -4.082 -4.47
451 6.702 -3.096 -4.579
452 5.664 -4.944 -5.429
453 7.456 -6.609 1.61
454 5.425 -4.739 2.217
455 6.554 -3.835 0.427
456 7.138 -5.395 -0.065
457 5.175 -5.829 -1.383
458 4.319 -4.466 -0.674
459 5.656 -2.879 -1.8
460 6.908 -4.064 -2.164
461 4.247 -4.507 -3.383
462 6.825 -2.457 -3.82
463 7.225 -2.978 -5.422
464 5.009 -5.688 -5.309
465 6.175 -4.86 -6.286
466 4.358 -7.214 0.377
467 3.088 -7.92 0.088
468 2.374 -8.155 1.399
469 1.18 -8.306 1.442
470 3.388 -9.284 -0.557
471 2.084 -9.927 -1.022
472 1.106 -9.257 -1.289
473 2.03 -11.224 -1.127
474 5.195 -7.497 -0.03
475 2.467 -7.302 -0.557
476 4.042 -9.157 -1.405
477 3.856 -9.935 0.167
478 2.819 -11.766 -0.91
479 1.204 -11.659 -1.422
480 3.146 -8.172 2.46
481 2.553 -8.389 3.799
482 1.512 -7.307 4.12
483 0.33 -7.605 4.278
484 4.119 -8.057 2.367
485 2.077 -9.358 3.824
486 3.336 -8.36 4.543
487 1.933 -6.058 4.204
488 0.908 -5.04 4.525
489 -0.3 -5.174 3.61
490 -1.426 -5.391 4.049
491 1.425 -3.574 4.403
492 2.644 -3.351 3.53
493 2.506 -3.218 2.16
494 3.85 -3.002 4.112
495 3.536 -2.733 1.395
496 4.879 -2.514 3.342
497 4.722 -2.38 1.979
498 2.885 -5.817 4.057
499 0.568 -5.225 5.546
500 0.643 -2.988 3.978
501 1.648 -3.2 5.381
502 1.583 -3.474 1.692
503 3.985 -3.118 5.176
504 3.404 -2.618 0.334
505 5.796 -2.218 3.808
506 5.53 -2.006 1.374
507 -0.064 -5.08 2.366
508 -1.183 -5.19 1.445
509 -1.834 -6.536 1.527
510 -2.996 -6.656 1.211
511 -0.7 -4.94 0.039
512 0.528 -5.742 -0.236
513 -0.383 -3.438 -0.096
514 0.938 -5.532 -1.692
515 0.844 -4.959 2.038
516 -1.924 -4.451 1.724
517 -1.457 -5.245 -0.653
518 1.326 -5.432 0.416
519 0.309 -6.782 -0.069
520 -0.509 -2.944 0.861
521 0.632 -3.305 -0.425
522 -1.052 -2.992 -0.808
523 0.18 -4.984 -2.198
524 1.863 -4.977 -1.733
525 1.066 -6.479 -2.182
526 -1.112 -7.551 1.956
527 -1.794 -8.845 2.026
528 -3.052 -8.618 2.807
529 -4.049 -9.289 2.628
530 -0.937 -9.912 2.739
531 -1.74 -11.215 2.81
532 -0.816 -12.363 3.228
533 -1.099 -13.521 2.99
534 0.297 -12.087 3.85
535 -0.178 -7.442 2.225
536 -2.05 -9.137 1.016
537 -0.028 -10.084 2.191
538 -0.697 -9.585 3.734
539 -2.534 -11.117 3.534
540 -2.165 -11.436 1.843
541 0.532 -11.157 4.043
542 0.898 -12.81 4.123
543 -2.968 -7.643 3.681
544 -4.146 -7.304 4.498
545 -5.09 -6.405 3.683
546 -6.283 -6.429 3.88
547 -3.689 -6.554 5.756
548 -4.65 -6.912 6.738
549 -2.107 -7.162 3.81
550 -4.67 -8.223 4.759
551 -2.705 -6.878 6.061
552 -3.705 -5.495 5.593
553 -5.441 -6.39 6.581
554 -4.531 -5.597 2.792
555 -5.396 -4.722 1.969
556 -6.426 -5.569 1.23
557 -7.615 -5.341 1.333
558 -4.488 -3.976 0.941
559 -5.349 -3.21 -0.094
560 -4.601 -1.952 -0.615
561 -5.659 -4.08 -1.341
562 -3.56 -5.545 2.696
563 -5.913 -4.02 2.619
564 -3.875 -3.282 1.484
565 -3.859 -4.677 0.439
566 -6.255 -2.924 0.384
567 -3.865 -1.611 0.093
568 -4.109 -2.191 -1.538
569 -5.309 -1.158 -0.796
570 -4.776 -4.615 -1.65
571 -6.441 -4.775 -1.133
572 -5.977 -3.441 -2.154
573 -5.949 -6.542 0.496
574 -6.884 -7.417 -0.262
575 -7.7 -8.31 0.669
576 -8.912 -8.351 0.578
577 -6.077 -8.31 -1.236
578 -4.698 -8.666 -0.645
579 -3.622 -7.793 -1.313
580 -3.331 -8.336 -2.72
581 -3.18 -7.216 -3.693
582 -4.983 -6.693 0.446
583 -7.575 -6.784 -0.815
584 -6.629 -9.219 -1.428
585 -5.942 -7.783 -2.169
586 -4.693 -8.503 0.42
587 -4.484 -9.707 -0.84
588 -3.967 -6.772 -1.371
589 -2.719 -7.818 -0.731
590 -2.417 -8.913 -2.702
591 -4.141 -8.974 -3.038
592 -2.547 -6.492 -3.294
593 -2.774 -7.579 -4.58
594 -4.111 -6.796 -3.885
595 -7.036 -9.009 1.546
596 -7.787 -9.895 2.475
597 -8.765 -9.087 3.32
598 -9.88 -9.504 3.56
599 -6.785 -10.581 3.41
600 -7.512 -11.658 4.215
601 -8.368 -11.267 4.993
602 -7.173 -12.812 4.007
603 -6.054 -8.952 1.593
604 -8.342 -10.63 1.896
605 -5.996 -11.037 2.83
606 -6.359 -9.855 4.087
607 -8.319 -7.945 3.748
608 -9.182 -7.07 4.582
609 -8.991 -5.596 4.172
610 -8.202 -4.89 4.767
611 -8.743 -7.233 6.049
612 -9.681 -8.221 6.748
613 -9.986 -9.221 6.116
614 -10.039 -7.919 7.876
615 -7.416 -7.66 3.515
616 -10.218 -7.363 4.461
617 -7.731 -7.61 6.09
618 -8.79 -6.28 6.555
619 -9.697 -5.169 3.131
620 -9.596 -3.784 2.647
621 -10.219 -2.777 3.632
622 -10.903 -1.854 3.241
623 -10.374 -3.785 1.304
624 -10.958 -5.213 1.105
625 -10.594 -6.036 2.347
626 -8.553 -3.533 2.487
627 -11.175 -3.066 1.33
628 -9.703 -3.548 0.493
629 -12.033 -5.161 0.999
630 -10.53 -5.668 0.224
631 -11.485 -6.261 2.915
632 -10.085 -6.946 2.068
633 -9.969 -2.975 4.895
634 -10.532 -2.044 5.9
635 -9.559 -0.9 6.182
636 -9.885 0.256 5.99
637 -10.769 -2.822 7.2
638 -9.465 -3.175 7.634
639 -9.42 -3.727 5.177
640 -11.464 -1.631 5.521
641 -11.251 -2.199 7.938
642 -11.354 -3.71 7.013
643 -9.12 -2.451 8.161
644 -8.377 -1.254 6.628
645 -7.35 -0.217 6.936
646 -6.222 -0.235 5.9
647 -5.097 0.138 6.187
648 -6.765 -0.535 8.319
649 -7.858 -0.373 9.376
650 -7.809 -1.554 10.348
651 -8.509 -2.534 10.186
652 -6.996 -1.503 11.368
653 -8.168 -2.202 6.76
654 -7.818 0.764 6.931
655 -6.394 -1.549 8.333
656 -5.959 0.137 8.534
657 -7.702 0.546 9.923
658 -8.827 -0.346 8.897
659 -6.428 -0.714 11.504
660 -6.954 -2.252 11.999
661 -6.55 -0.667 4.715
662 -5.527 -0.723 3.637
663 -4.725 0.569 3.556
664 -3.538 0.56 3.294
665 -6.253 -0.883 2.318
666 -7.014 0.308 2.212
667 -7.469 -0.955 4.533
668 -4.862 -1.561 3.812
669 -5.556 -0.942 1.517
670 -6.892 -1.752 2.33
671 -7.279 0.41 1.297
672 -5.401 1.659 3.762
673 -4.719 2.974 3.703
674 -3.609 3.076 4.744
675 -2.473 3.406 4.433
676 -5.771 4.047 4.002
677 -6.36 1.611 3.957
678 -4.296 3.113 2.712
679 -6.763 3.616 3.914
680 -5.635 4.42 5.003
681 -5.671 4.857 3.301
682 -3.955 2.788 5.958
683 -2.954 2.862 7.042
684 -1.696 2.052 6.717
685 -0.592 2.543 6.872
686 -3.601 2.311 8.31
687 -2.527 2.086 9.375
688 -1.435 2.611 9.29
689 -2.796 1.314 10.393
690 -4.876 2.519 6.156
691 -2.672 3.901 7.181
692 -4.333 3.016 8.681
693 -4.085 1.378 8.09
694 -3.675 0.888 10.465
695 -2.118 1.161 11.084
696 -1.863 0.829 6.268
697 -0.654 0.038 5.955
698 0.18 0.801 4.961
699 1.387 0.876 5.074
700 -1.033 -1.298 5.305
701 -2.489 -1.635 5.533
702 -2.767 -3.01 4.938
703 -2.79 -1.683 7.029
704 -2.756 0.457 6.128
705 -0.071 -0.114 6.862
706 -0.855 -1.235 4.252
707 -0.422 -2.078 5.727
708 -3.096 -0.907 5.048
709 -2.494 -3.023 3.891
710 -2.186 -3.748 5.464
711 -3.816 -3.246 5.036
712 -1.872 -1.818 7.578
713 -3.262 -0.768 7.34
714 -3.453 -2.512 7.237
715 -0.487 1.364 3.992
716 0.24 2.128 2.973
717 1.217 3.073 3.646
718 2.347 3.173 3.238
719 -0.817 2.868 2.065
720 -0.773 4.415 2.184
721 0.345 4.973 1.291
722 -2.108 4.976 1.688
723 -1.464 1.278 3.945
724 0.818 1.425 2.384
725 -0.638 2.597 1.035
726 -1.804 2.526 2.338
727 -0.631 4.724 3.197
728 1.286 4.522 1.546
729 0.123 4.76 0.259
730 0.416 6.04 1.423
731 -2.567 4.28 1.002
732 -2.77 5.136 2.528
733 -1.942 5.915 1.182
734 0.785 3.722 4.683
735 1.709 4.648 5.372
736 2.925 3.878 5.875
737 4.057 4.316 5.734
738 0.973 5.268 6.57
739 -0.145 3.609 4.996
740 2.035 5.416 4.671
741 -0.084 5.058 6.496
742 1.355 4.848 7.49
743 1.124 6.338 6.578
744 2.665 2.727 6.432
745 3.775 1.896 6.96
746 4.75 1.493 5.855
747 5.926 1.324 6.104
748 3.171 0.62 7.573
749 3.867 0.314 8.903
750 3.258 1.185 10.005
751 3.294 2.392 9.825
752 2.791 0.595 10.965
753 1.734 2.413 6.503
754 4.313 2.469 7.709
755 2.114 0.767 7.743
756 3.307 -0.208 6.894
757 3.729 -0.726 9.155
758 4.925 0.524 8.824
759 4.252 1.344 4.654
760 5.165 0.952 3.545
761 6.091 2.081 3.17
762 7.29 1.976 3.335
763 4.348 0.602 2.304
764 3.297 1.489 4.487
765 5.759 0.104 3.866
766 3.614 -0.142 2.547
767 3.856 1.483 1.939
768 5.008 0.223 1.533
769 5.517 3.145 2.648
770 6.358 4.302 2.25
771 7.417 4.533 3.311
772 8.499 5.012 3.024
773 5.484 5.581 2.101
774 4.14 5.258 1.397
775 4.372 4.882 -0.081
776 3.722 3.512 -0.39
777 3.61 3.319 -1.863
778 4.549 3.168 2.529
779 6.861 4.06 1.317
780 5.286 5.994 3.079
781 6.023 6.315 1.519
782 3.657 4.459 1.899
783 3.5 6.128 1.443
784 3.931 5.636 -0.717
785 5.427 4.832 -0.283
786 4.329 2.72 0.023
787 2.729 3.458 0.044
788 3.845 4.209 -2.348
789 4.269 2.574 -2.167
790 2.637 3.041 -2.102
791 7.087 4.186 4.529
792 8.072 4.365 5.616
793 9.168 3.312 5.476
794 10.345 3.62 5.536
795 7.363 4.173 6.965
796 7.935 5.17 7.974
797 7.333 4.893 9.356
798 5.816 5.101 9.307
799 5.307 5.5 10.647
800 6.187 3.832 4.722
801 8.515 5.356 5.539
802 6.303 4.342 6.845
803 7.524 3.166 7.319
804 9.009 5.061 8.019
805 7.696 6.177 7.666
806 7.548 3.874 9.647
807 7.767 5.565 10.08
808 5.578 5.877 8.594
809 5.334 4.183 9.005
810 6.103 5.804 11.245
811 4.633 6.286 10.542
812 4.83 4.69 11.092
813 8.757 2.078 5.282
814 9.756 0.995 5.128
815 10.587 1.251 3.867
816 11.704 0.786 3.751
817 8.992 -0.388 5.059
818 9.424 -1.25 3.823
819 9.038 -2.722 4.044
820 8.712 -0.76 2.536
821 7.798 1.876 5.241
822 10.424 1.022 5.991
823 9.204 -0.943 5.96
824 7.931 -0.203 5.023
825 10.488 -1.2 3.7
826 9.389 -3.059 5.005
827 7.974 -2.832 3.998
828 9.487 -3.333 3.27
829 7.779 -0.285 2.775
830 9.337 -0.063 2.014
831 8.517 -1.607 1.89
832 10.032 2.005 2.953
833 10.771 2.299 1.706
834 11.723 3.467 1.908
835 12.92 3.308 1.818
836 9.755 2.676 0.627
837 10.457 2.734 -0.734
838 11.219 1.856 -1.087
839 10.236 3.75 -1.526
840 9.132 2.368 3.086
841 11.343 1.419 1.411
842 8.968 1.938 0.594
843 9.329 3.639 0.854
844 9.628 4.468 -1.246
845 10.675 3.79 -2.41
846 11.163 4.618 2.191
847 12.013 5.82 2.403
848 13.271 5.474 3.186
849 14.326 6.019 2.937
850 11.204 6.848 3.207
851 10.26 7.599 2.267
852 10.124 7.131 1.148
853 9.727 8.598 2.719
854 10.191 4.684 2.268
855 12.299 6.225 1.435
856 10.625 6.343 3.967
857 11.873 7.552 3.677
858 13.141 4.57 4.117
859 14.328 4.186 4.917
860 15.28 3.314 4.105
861 16.449 3.62 3.978
862 13.854 3.388 6.141
863 12.265 4.152 4.291
864 14.852 5.088 5.225
865 12.776 3.385 6.179
866 14.211 2.37 6.071
867 14.243 3.84 7.041
868 14.76 2.247 3.559
869 15.622 1.34 2.756
870 15.556 1.661 1.259
871 15.916 0.843 0.437
872 15.121 -0.102 2.972
873 15.998 -0.797 4.018
874 17.276 -1.309 3.35
875 18.033 -2.062 3.929
876 17.556 -0.924 2.132
877 13.808 2.044 3.679
878 16.652 1.444 3.092
879 14.098 -0.081 3.317
880 15.166 -0.65 2.044
881 16.258 -0.099 4.801
882 15.463 -1.63 4.448
883 16.949 -0.315 1.659
884 18.369 -1.243 1.692
885 15.116 2.846 0.915
886 15.045 3.165 -0.531
887 16.427 3.511 -1.126
888 16.822 2.928 -2.116
889 14.058 4.321 -0.777
890 14.837 3.497 1.591
891 14.695 2.279 -1.029
892 13.726 4.728 0.16
893 14.54 5.093 -1.354
894 13.202 3.952 -1.327
895 17.151 4.451 -0.523
896 18.473 4.822 -1.042
897 19.451 3.65 -0.969
898 19.158 2.626 -0.386
899 18.963 5.952 -0.118
900 17.847 6.217 0.933
901 16.719 5.204 0.674
902 18.383 5.165 -2.067
903 19.874 5.651 0.38
904 19.148 6.846 -0.695
905 18.24 6.087 1.93
906 17.47 7.223 0.823
907 16.612 4.545 1.517
908 15.799 5.723 0.483
909 20.601 3.827 -1.565
910 21.611 2.739 -1.542
911 22.406 2.777 -0.244
912 23.617 2.674 -0.252
913 22.576 2.95 -2.718
914 22.978 4.424 -2.776
915 22.211 5.109 -3.911
916 22.538 6.604 -3.913
917 23.874 6.845 -4.531
918 20.796 4.672 -2.02
919 21.103 1.78 -1.622
920 23.455 2.338 -2.582
921 22.09 2.67 -3.642
922 22.74 4.902 -1.837
923 24.04 4.505 -2.954
924 22.5 4.674 -4.856
925 21.151 4.969 -3.767
926 21.789 7.137 -4.478
927 22.547 6.977 -2.899
928 24.374 5.942 -4.639
929 23.75 7.287 -5.464
930 24.43 7.478 -3.919
931 21.702 2.926 0.85
932 22.385 2.976 2.17
933 22.16 1.686 2.947
934 21.569 0.795 2.357
935 21.791 4.141 2.97
936 22.59 1.66 4.088
937 20.725 3.003 0.8
938 23.452 3.116 2.018
939 20.721 4.012 3.058
940 22.228 4.169 3.956
941 21.995 5.072 2.463
